002 822500000.000
003 243703703.704
004 102812500.000
005 52640000.000
006 30462962.963
007 19183673.469
008 12851562.500
009 9026063.100
010 6580000.000
011 4943651.390
012 3807870.370
013 2994993.173
014 2397959.184
015 1949629.630
016 1606445.312
017 1339303.888
018 1128257.888
019 959323.517
020 822500.000
021 710506.425
022 617956.424
023 540807.101
024 475983.796
025 421120.000
026 374374.147
027 334298.633
028 299744.898
029 269793.759
030 243703.704
031 220872.075
032 200805.664
033 183098.200
034 167412.986
035 153469.388
036 141032.236
037 129903.461
038 119915.440
039 110925.673
040 102812.500
041 95471.627
042 88813.303
043 82760.009
044 77244.553
045 72208.505
046 67600.888
047 63377.094
048 59497.975
049 55929.077
050 52640.000
051 49603.848
052 46796.768
053 44197.559
054 41787.329
055 39549.211
056 37468.112
057 35530.501
058 33724.220
059 32038.329
060 30462.963
061 28989.211
062 27609.009
063 26315.053
064 25100.708
065 23959.945
066 22887.275
067 21877.691
068 20926.623
069 20029.893
070 19183.673
071 18384.459
072 17629.029
073 16914.428
074 16237.933
075 15597.037
076 14989.430
077 14412.978
078 13865.709
079 13345.800
080 12851.562
081 12381.431
082 11933.953
083 11507.782
084 11101.663
085 10714.431
086 10345.001
087 9992.361
088 9655.569
089 9333.744
090 9026.063
091 8731.759
092 8450.111
093 8180.447
094 7922.137
095 7674.588
096 7437.247
097 7209.592
098 6991.135
099 6781.415
100 6580.000
101 6386.483
102 6200.481
103 6021.632
104 5849.596
105 5684.051
106 5524.695
107 5371.240
108 5223.416
109 5080.967
110 4943.651
111 4811.239
112 4683.514
113 4560.270
114 4441.313
115 4326.457
116 4215.527
117 4108.358
118 4004.791
119 3904.676
120 3807.870
121 3714.238
122 3623.651
123 3535.986
124 3451.126
125 3368.960
126 3289.382
127 3212.290
128 3137.589
129 3065.186
130 2994.993
131 2926.928
132 2860.909
133 2796.862
134 2734.711
135 2674.389
136 2615.828
137 2558.964
138 2503.737
139 2450.087
140 2397.959
141 2347.300
142 2298.057
143 2250.183
144 2203.629
145 2158.350
146 2114.303
147 2071.447
148 2029.742
149 1989.148
150 1949.630
151 1911.151
152 1873.679
153 1837.180
154 1801.622
155 1766.977
156 1733.214
157 1700.305
158 1668.225
159 1636.947
160 1606.445
161 1576.697
162 1547.679
163 1519.368
164 1491.744
165 1464.786
166 1438.473
167 1412.786
168 1387.708
169 1363.219
170 1339.304
171 1315.944
172 1293.125
173 1270.830
174 1249.045
175 1227.755
176 1206.946
177 1186.605
178 1166.718
179 1147.273
180 1128.258
181 1109.661
182 1091.470
183 1073.674
184 1056.264
185 1039.228
186 1022.556
187 1006.239
188 0990.267
189 0974.632
190 0959.324
191 0944.334
192 0929.656
193 0915.280
194 0901.199
195 0887.405
196 0873.892
197 0860.651
198 0847.677
199 0834.962
200 0822.500
201 0810.285
202 0798.310
203 0786.571
204 0775.060
205 0763.773
206 0752.704
207 0741.848
208 0731.200
209 0720.754
210 0710.506
211 0700.452
212 0690.587
213 0680.906
214 0671.405
215 0662.080
216 0652.927
217 0643.942
218 0635.121
219 0626.460
220 0617.956
221 0609.606
222 0601.405
223 0593.350
224 0585.439
225 0577.668
226 0570.034
227 0562.533
228 0555.164
229 0547.923
230 0540.807
231 0533.814
232 0526.941
233 0520.185
234 0513.545
235 0507.017
236 0500.599
237 0494.289
238 0488.085
239 0481.984
240 0475.984
241 0470.083
242 0464.280
243 0458.572
244 0452.956
245 0447.433
246 0441.998
247 0436.652
248 0431.391
249 0426.214
250 0421.120
251 0416.107
252 0411.173
253 0406.316
254 0401.536
255 0396.831
256 0392.199
257 0387.638
258 0383.148
259 0378.727
260 0374.374
261 0370.087
262 0365.866
263 0361.708
264 0357.614
265 0353.580
266 0349.608
267 0345.694
268 0341.839
269 0338.041
270 0334.299
271 0330.612
272 0326.978
273 0323.398
274 0319.871
275 0316.394
276 0312.967
277 0309.590
278 0306.261
279 0302.980
280 0299.745
281 0296.556
282 0293.412
283 0290.313
284 0287.257
285 0284.244
286 0281.273
287 0278.343
288 0275.454
289 0272.604
290 0269.794
291 0267.022
292 0264.288
293 0261.591
294 0258.931
295 0256.307
296 0253.718
297 0251.164
298 0248.643
299 0246.157
300 0243.704
301 0241.283
302 0238.894
303 0236.536
304 0234.210
305 0231.914
306 0229.647
307 0227.411
308 0225.203
309 0223.023
310 0220.872
311 0218.748
312 0216.652
313 0214.582
314 0212.538
315 0210.520
316 0208.528
317 0206.561
318 0204.618
319 0202.700
320 0200.806
321 0198.935
322 0197.087
323 0195.262
324 0193.460
325 0191.680
326 0189.921
327 0188.184
328 0186.468
329 0184.773
330 0183.098
331 0181.444
332 0179.809
333 0178.194
334 0176.598
335 0175.022
336 0173.463
337 0171.924
338 0170.402
339 0168.899
340 0167.413
341 0165.944
342 0164.493
343 0163.059
344 0161.641
345 0160.239
346 0158.854
347 0157.484
348 0156.131
349 0154.792
350 0153.469
351 0152.161
352 0150.868
353 0149.590
354 0148.326
355 0147.076
356 0145.840
357 0144.618
358 0143.409
359 0142.214
360 0141.032
361 0139.863
362 0138.708
363 0137.564
364 0136.434
365 0135.315
366 0134.209
367 0133.115
368 0132.033
369 0130.962
370 0129.903
371 0128.856
372 0127.819
373 0126.794
374 0125.780
375 0124.776
376 0123.783
377 0122.801
378 0121.829
379 0120.867
380 0119.915
381 0118.974
382 0118.042
383 0117.120
384 0116.207
385 0115.304
386 0114.410
387 0113.525
388 0112.650
389 0111.783
390 0110.926
391 0110.077
392 0109.236
393 0108.405
394 0107.581
395 0106.766
396 0105.960
397 0105.161
398 0104.370
399 0103.587
400 0102.812
401 0102.045
402 0101.286
403 0100.533
404 0099.789
405 0099.051
406 0098.321
407 0097.598
408 0096.883
409 0096.174
410 0095.472
411 0094.776
412 0094.088
413 0093.406
414 0092.731
415 0092.062
416 0091.400
417 0090.744
418 0090.094
419 0089.451
420 0088.813
421 0088.182
422 0087.557
423 0086.937
424 0086.323
425 0085.715
426 0085.113
427 0084.517
428 0083.926
429 0083.340
430 0082.760
431 0082.185
432 0081.616
433 0081.052
434 0080.493
435 0079.939
436 0079.390
437 0078.846
438 0078.308
439 0077.774
440 0077.245
441 0076.720
442 0076.201
443 0075.686
444 0075.176
445 0074.670
446 0074.169
447 0073.672
448 0073.180
449 0072.692
450 0072.209
451 0071.729
452 0071.254
453 0070.783
454 0070.317
455 0069.854
456 0069.396
457 0068.941
458 0068.490
459 0068.044
460 0067.601
461 0067.162
462 0066.727
463 0066.295
464 0065.868
465 0065.444
466 0065.023
467 0064.606
468 0064.193
469 0063.783
470 0063.377
471 0062.974
472 0062.575
473 0062.179
474 0061.786
475 0061.397
476 0061.011
477 0060.628
478 0060.248
479 0059.871
480 0059.498
481 0059.128
482 0058.760
483 0058.396
484 0058.035
485 0057.677
486 0057.321
487 0056.969
488 0056.620
489 0056.273
490 0055.929
491 0055.588
492 0055.250
493 0054.914
494 0054.581
495 0054.251
496 0053.924
497 0053.599
498 0053.277
499 0052.957
